# fpga-scope AXC3000 capture (CSR-over-JTAG)
probe_w 32
store_w 33
rle 1
wrapped 1
trig_index 250
pretrig 64
depth 4096
ts_at_trig 45988871943
# words: one STORE_W value per line, buffer (address) order
348170638
2512169358
381200782
2545199502
296790414
2427234702
329820558
2460264846
513845646
2677844366
479766926
2643765646
462465422
2592909710
428386702
2558830990
679520654
2843519374
712550798
2876549518
762358158
2892802446
795388302
2925832590
576760206
2740758926
542681486
2706680206
659597710
2790041998
625518990
2755963278
1010870670
3174869390
1043900814
3207899534
959490446
3089934734
992520590
3122964878
908110222
3072108942
874031502
3038030222
856729998
2987174286
822651278
2953095566
76956
4294967297
93372
4294967301
94368
4294967297
95393
4294967299
19617
70308
71334
4294967298
72418
4294967297
72386
4294967305
73410
4294967307
16719554
16457410
16195266
15933122
15670978
15408834
15146690
14884546
14622402
14360258
14098114
13835970
13573826
13311682
13049538
12787394
12525250
12263106
12000962
11738818
11476674
11214530
10952386
10690242
10428098
10165954
9903810
9641666
9379522
9117378
8855234
8593090
8330946
8068802
7806658
7544514
7282370
7020226
6758082
6495938
6233794
5971650
5709506
5447362
5185218
4923074
4660930
4398786
4136642
3874498
3612354
3350210
3088066
2825922
2563778
2301634
2039490
1777346
1515202
1253058
990914
728770
466626
206528
74944
74976
74944
4294967306
77952
4294967297
78977
4294967299
68737
4294971391
4294971391
4294971391
4294971391
4294971391
4294971391
4294971391
4294971391
4294971391
4294971391
4294971391
4294971391
4294971391
4294971391
4294971391
4294971391
4294971391
4294971391
4294971391
4294971391
4294971391
4294971391
4294971391
4294971391
4294971391
4294971391
4294971391
4294971391
4294971391
4294971391
4294971391
4294971391
4294971391
4294971391
4294971391
4294971391
4294971391
4294971391
4294971391
4294971391
4294971391
4294971391
4294971391
4294971391
4294971391
4294971391
4294971391
4294971391
4294971391
4294971391
4294971391
4294971391
4294971391
4294971391
4294971391
4294971391
4294971391
4294971391
4294971391
4294971391
4294971391
4294971391
4294971391
4294971391
4294971391
4294971391
4294971391
4294971391
4294971391
4294971391
4294971391
4294971391
4294971391
4294971391
4294971391
4294971391
4294971391
4294971391
4294971391
4294971391
4294971391
4294971391
4294971391
4294971391
4294971391
4294971391
4294971391
4294971391
4294971391
4294971391
4294971391
4294971391
4294971391
4294971391
4294971391
4294971391
4294971391
4294971391
4294971391
4294971391
4294971391
4294971391
4294971391
4294971391
4294971391
4294971391
4294971391
4294971391
4294971391
4294968805
101505
102788
103814
103846
4294967297
104874
104842
4294967309
43406
2180819342
49850766
2213849486
99658126
2230102414
132688270
2263132558
182495630
2346494350
148416910
2312415630
265333134
2395777422
231254414
2361698702
348170638
2512169358
381200782
2545199502
296790414
2427234702
329820558
2460264846
513845646
2677844366
479766926
2643765646
462465422
2592909710
428386702
2558830990
679520654
2843519374
712550798
2876549518
762358158
2892802446
795388302
2925832590
576760206
2740758926
542681486
2706680206
659597710
2790041998
625518990
2755963278
1010870670
3174869390
1043900814
3207899534
959490446
3089934734
992520590
3122964878
908110222
3072108942
874031502
3038030222
856729998
2987174286
822651278
2953095566
76956
4294967297
93372
4294967301
94368
4294967297
95393
4294967299
19617
70308
71334
4294967298
72418
4294967297
72386
4294967305
73410
4294967307
16719554
16457410
16195266
15933122
15670978
15408834
15146690
14884546
14622402
14360258
14098114
13835970
13573826
13311682
13049538
12787394
12525250
12263106
12000962
11738818
11476674
11214530
10952386
10690242
10428098
10165954
9903810
9641666
9379522
9117378
8855234
8593090
8330946
8068802
7806658
7544514
7282370
7020226
6758082
6495938
6233794
5971650
5709506
5447362
5185218
4923074
4660930
4398786
4136642
3874498
3612354
3350210
3088066
2825922
2563778
2301634
2039490
1777346
1515202
1253058
990914
728770
466626
206528
74944
74976
74944
4294967306
77952
4294967297
78977
4294967299
68737
4294971391
4294971391
4294971391
4294971391
4294971391
4294971391
4294971391
4294971391
4294971391
4294971391
4294971391
4294971391
4294971391
4294971391
4294971391
4294971391
4294971391
4294971391
4294971391
4294971391
4294971391
4294971391
4294971391
4294971391
4294971391
4294971391
4294971391
4294971391
4294971391
4294971391
4294971391
4294971391
4294971391
4294971391
4294971391
4294971391
4294971391
4294971391
4294971391
4294971391
4294971391
4294971391
4294971391
4294971391
4294971391
4294971391
4294971391
4294971391
4294971391
4294971391
4294971391
4294971391
4294971391
4294971391
4294971391
4294971391
4294971391
4294971391
4294971391
4294971391
4294971391
4294971391
4294971391
4294971391
4294971391
4294971391
4294971391
4294971391
4294971391
4294971391
4294971391
4294971391
4294971391
4294971391
4294971391
4294971391
4294971391
4294971391
4294971391
4294971391
4294971391
4294971391
4294971391
4294971391
4294971391
4294971391
4294971391
4294971391
4294971391
4294971391
4294971391
4294971391
4294971391
4294971391
4294971391
4294971391
4294971391
4294971391
4294971391
4294971391
4294971391
4294971391
4294971391
4294971391
4294971391
4294971391
4294971391
4294971391
4294971391
4294971391
4294971391
4294971391
4294971391
4294971391
4294971391
4294971391
4294971391
4294971391
4294971391
4294971391
4294971391
4294971391
4294971391
4294971391
4294971391
4294971391
4294971391
4294971391
4294971391
4294971391
4294971391
4294971391
4294971391
4294971391
4294971391
4294971391
4294971391
4294971391
4294971391
4294971391
4294971391
4294971391
4294971391
4294971391
4294971391
4294971391
4294971391
4294971391
4294971391
4294971391
4294971391
4294971391
4294971391
4294971391
4294971391
4294971391
4294971391
4294971391
4294971391
4294971391
4294971391
4294971391
4294971391
4294971391
4294971391
4294971391
4294971391
4294971391
4294971391
4294971391
4294971391
4294971391
4294971391
4294971391
4294971391
4294971391
4294971391
4294971391
4294971391
4294971391
4294971391
4294971391
4294971391
4294971391
4294971391
4294971391
4294971391
4294971391
4294971391
4294971391
4294971391
4294971391
4294971391
4294971391
4294971391
4294971391
4294971391
4294971391
4294971391
4294971391
4294971391
4294971391
4294971391
4294971391
4294971391
4294971391
4294971391
4294971391
4294971391
4294971391
4294971391
4294971391
4294971391
4294971391
4294971391
4294971391
4294971391
4294971391
4294971391
4294971391
4294971391
4294971391
4294971391
4294971391
4294971391
4294971391
4294971391
4294971391
4294971391
4294971391
4294971391
4294971391
4294971391
4294971391
4294971391
4294971391
4294971391
4294971391
4294971391
4294971391
4294971391
4294971391
4294971391
4294971391
4294971391
4294971391
4294971391
4294971391
4294971391
4294971391
4294971391
4294971391
4294971391
4294971391
4294971391
4294971391
4294971391
4294971391
4294971391
4294971391
4294971391
4294971391
4294971391
4294971391
4294971391
4294971391
4294971391
4294971391
4294971391
4294971391
4294971391
4294971391
4294971391
4294971391
4294971391
4294971391
4294971391
4294971391
4294971391
4294971391
4294971391
4294971391
4294971391
4294971391
4294971391
4294971391
4294971391
4294971391
4294971391
4294971391
4294971391
4294971391
4294971391
4294971391
4294971391
4294971391
4294971391
4294971391
4294971391
4294971391
4294971391
4294971391
4294971391
4294971391
4294971391
4294971391
4294971391
4294971391
4294971391
4294971391
4294971391
4294971391
4294971391
4294971391
4294971391
4294971391
4294971391
4294971391
4294971391
4294971391
4294971391
4294971391
4294971391
4294971391
4294971391
4294971391
4294971391
4294971391
4294971391
4294971391
4294971391
4294971391
4294971391
4294971391
4294971391
4294971391
4294971391
4294971391
4294971391
4294971391
4294971391
4294971391
4294971391
4294971391
4294971391
4294971391
4294971391
4294971391
4294971391
4294971391
4294971391
4294971391
4294971391
4294971391
4294971391
4294971391
4294971391
4294971391
4294971391
4294971391
4294971391
4294971391
4294971391
4294971391
4294971391
4294971391
4294971391
4294971391
4294971391
4294971391
4294971391
4294971391
4294971391
4294971391
4294971391
4294971391
4294971391
4294971391
4294971391
4294971391
4294971391
4294971391
4294969533
101505
102788
103814
103846
4294967297
104874
104842
4294967309
43406
2180819342
49850766
2213849486
99658126
2230102414
132688270
2263132558
182495630
2346494350
148416910
2312415630
265333134
2395777422
231254414
2361698702
348170638
2512169358
381200782
2545199502
296790414
2427234702
329820558
2460264846
513845646
2677844366
479766926
2643765646
462465422
2592909710
428386702
2558830990
679520654
2843519374
712550798
2876549518
762358158
2892802446
795388302
2925832590
576760206
2740758926
542681486
2706680206
659597710
2790041998
625518990
2755963278
1010870670
3174869390
1043900814
3207899534
959490446
3089934734
992520590
3122964878
908110222
3072108942
874031502
3038030222
856729998
2987174286
822651278
2953095566
76956
4294967297
93372
4294967301
94368
4294967297
95393
4294967299
19617
70308
71334
4294967298
72418
4294967297
72386
4294967305
73410
4294967307
16719554
16457410
16195266
15933122
15670978
15408834
15146690
14884546
14622402
14360258
14098114
13835970
13573826
13311682
13049538
12787394
12525250
12263106
12000962
11738818
11476674
11214530
10952386
10690242
10428098
10165954
9903810
9641666
9379522
9117378
8855234
8593090
8330946
8068802
7806658
7544514
7282370
7020226
6758082
6495938
6233794
5971650
5709506
5447362
5185218
4923074
4660930
4398786
4136642
3874498
3612354
3350210
3088066
2825922
2563778
2301634
2039490
1777346
1515202
1253058
990914
728770
466626
206528
74944
74976
74944
4294967306
77952
4294967297
78977
4294967299
68737
4294971391
4294971391
4294971391
4294971391
4294971391
4294971391
4294971391
4294971391
4294971391
4294971391
4294971391
4294971391
4294971391
4294971391
4294971391
4294971391
4294971391
4294971391
4294971391
4294971391
4294971391
4294971391
4294971391
4294971391
4294971391
4294971391
4294971391
4294971391
4294971391
4294971391
4294971391
4294971391
4294971391
4294971391
4294971391
4294971391
4294971391
4294971391
4294971391
4294971391
4294971391
4294971391
4294971391
4294971391
4294971391
4294971391
4294971391
4294971391
4294971391
4294971391
4294971391
4294971391
4294971391
4294971391
4294971391
4294971391
4294971391
4294971391
4294971391
4294971391
4294971391
4294971391
4294971391
4294971391
4294971391
4294971391
4294971391
4294971391
4294971391
4294971391
4294971391
4294971391
4294971391
4294971391
4294971391
4294971391
4294971391
4294971391
4294971391
4294971391
4294971391
4294971391
4294971391
4294971391
4294971391
4294971391
4294971391
4294971391
4294971391
4294971391
4294971391
4294971391
4294971391
4294971391
4294971391
4294971391
4294971391
4294971391
4294971391
4294971391
4294971391
4294971391
4294971391
4294971391
4294971391
4294971391
4294971391
4294971391
4294971391
4294971391
4294971391
4294971391
4294971391
4294971391
4294971391
4294971391
4294971391
4294971391
4294971391
4294971391
4294971391
4294971391
4294971391
4294971391
4294971391
4294971391
4294971391
4294971391
4294971391
4294971391
4294971391
4294971391
4294971391
4294971391
4294971391
4294971391
4294971391
4294971391
4294971391
4294971391
4294971391
4294971391
4294971391
4294971391
4294971391
4294971391
4294971391
4294971391
4294971391
4294971391
4294971391
4294971391
4294971391
4294971391
4294971391
4294971391
4294971391
4294971391
4294971391
4294971391
4294971391
4294971391
4294971391
4294971391
4294971391
4294971391
4294971391
4294971391
4294971391
4294971391
4294971391
4294971391
4294971391
4294971391
4294971391
4294971391
4294971391
4294971391
4294971391
4294971391
4294971391
4294971391
4294971391
4294971391
4294971391
4294971391
4294971391
4294971391
4294971391
4294971391
4294971391
4294971391
4294971391
4294971391
4294971391
4294971391
4294971391
4294971391
4294971391
4294971391
4294971391
4294971391
4294971391
4294971391
4294971391
4294971391
4294971391
4294971391
4294971391
4294971391
4294971391
4294971391
4294971391
4294971391
4294971391
4294971391
4294971391
4294971391
4294971391
4294971391
4294971391
4294971391
4294971391
4294971391
4294971391
4294971391
4294971391
4294971391
4294971391
4294971391
4294971391
4294971391
4294971391
4294971391
4294971391
4294971391
4294971391
4294971391
4294971391
4294971391
4294971391
4294971391
4294971391
4294971391
4294971391
4294971391
4294971391
4294971391
4294971391
4294971391
4294971391
4294971391
4294971391
4294971391
4294971391
4294971391
4294971391
4294971391
4294971391
4294971391
4294971391
4294971391
4294971391
4294971391
4294971391
4294971391
4294971391
4294971391
4294971391
4294971391
4294971391
4294971391
4294971391
4294971391
4294971391
4294971391
4294971391
4294971391
4294971391
4294971391
4294971391
4294971391
4294971391
4294971391
4294971391
4294971391
4294971391
4294971391
4294971391
4294971391
4294971391
4294971391
4294971391
4294971391
4294971391
4294971391
4294971391
4294971391
4294971391
4294971391
4294971391
4294971391
4294971391
4294971391
4294971391
4294971391
4294971391
4294971391
4294971391
4294971391
4294971391
4294971391
4294971391
4294971391
4294971391
4294971391
4294971391
4294971391
4294971391
4294971391
4294971391
4294971391
4294971391
4294971391
4294971391
4294971391
4294971391
4294971391
4294971391
4294971391
4294971391
4294971391
4294971391
4294971391
4294971391
4294971391
4294971391
4294971391
4294971391
4294971391
4294971391
4294971391
4294971391
4294971391
4294971391
4294971391
4294971391
4294971391
4294971391
4294971391
4294971391
4294971391
4294971391
4294971391
4294971391
4294971391
4294971391
4294971391
4294971391
4294971391
4294971391
4294971391
4294971391
4294971391
4294971391
4294971391
4294971391
4294971391
4294971391
4294971391
4294971391
4294971391
4294971391
4294971391
4294971391
4294971391
4294971391
4294971391
4294971391
4294971391
4294971391
4294971391
4294971391
4294971391
4294971391
4294969833
101505
102788
103814
103846
4294967297
104874
104842
4294967309
43406
2180819342
49850766
2213849486
99658126
2230102414
132688270
2263132558
182495630
2346494350
148416910
2312415630
265333134
2395777422
231254414
2361698702
348170638
2512169358
381200782
2545199502
296790414
2427234702
329820558
2460264846
513845646
2677844366
479766926
2643765646
462465422
2592909710
428386702
2558830990
679520654
2843519374
712550798
2876549518
762358158
2892802446
795388302
2925832590
576760206
2740758926
542681486
2706680206
659597710
2790041998
625518990
2755963278
1010870670
3174869390
1043900814
3207899534
959490446
3089934734
992520590
3122964878
908110222
3072108942
874031502
3038030222
856729998
2987174286
822651278
2953095566
76956
4294967297
93372
4294967301
94368
4294967297
95393
4294967299
19617
70308
71334
4294967298
72418
4294967297
72386
4294967305
73410
4294967307
16719554
16457410
16195266
15933122
15670978
15408834
15146690
14884546
14622402
14360258
14098114
13835970
13573826
13311682
13049538
12787394
12525250
12263106
12000962
11738818
11476674
11214530
10952386
10690242
10428098
10165954
9903810
9641666
9379522
9117378
8855234
8593090
8330946
8068802
7806658
7544514
7282370
7020226
6758082
6495938
6233794
5971650
5709506
5447362
5185218
4923074
4660930
4398786
4136642
3874498
3612354
3350210
3088066
2825922
2563778
2301634
2039490
1777346
1515202
1253058
990914
728770
466626
206528
74944
74976
74944
4294967306
77952
4294967297
78977
4294967299
68737
4294971391
4294971391
4294971391
4294971391
4294971391
4294971391
4294971391
4294971391
4294971391
4294971391
4294971391
4294971391
4294971391
4294971391
4294971391
4294971391
4294971391
4294971391
4294971391
4294971391
4294971391
4294971391
4294971391
4294971391
4294971391
4294971391
4294971391
4294971391
4294971391
4294971391
4294971391
4294971391
4294971391
4294971391
4294971391
4294971391
4294971391
4294971391
4294971391
4294971391
4294971391
4294971391
4294971391
4294971391
4294971391
4294971391
4294971391
4294971391
4294971391
4294971391
4294971391
4294971391
4294971391
4294971391
4294971391
4294971391
4294971391
4294971391
4294971391
4294971391
4294971391
4294971391
4294971391
4294971391
4294971391
4294971391
4294971391
4294971391
4294971391
4294971391
4294971391
4294971391
4294971391
4294971391
4294971391
4294971391
4294971391
4294971391
4294971391
4294971391
4294971391
4294971391
4294971391
4294971391
4294971391
4294971391
4294971391
4294971391
4294971391
4294971391
4294971391
4294971391
4294971391
4294971391
4294971391
4294971391
4294971391
4294971391
4294971391
4294971391
4294971391
4294971391
4294971391
4294971391
4294971391
4294971391
4294971391
4294971391
4294971391
4294971391
4294971391
4294971391
4294971391
4294971391
4294971391
4294971391
4294971391
4294971391
4294971391
4294971391
4294971391
4294971391
4294971391
4294971391
4294971391
4294971391
4294971391
4294971391
4294971391
4294971391
4294971391
4294971391
4294971391
4294971391
4294971391
4294971391
4294971391
4294971391
4294971391
4294971391
4294971391
4294971391
4294971391
4294971391
4294971391
4294971391
4294971391
4294971391
4294971391
4294971391
4294971391
4294971391
4294971391
4294971391
4294971391
4294971391
4294971391
4294971391
4294971391
4294971391
4294971391
4294971391
4294971391
4294971391
4294971391
4294971391
4294971391
4294971391
4294971391
4294971391
4294971391
4294971391
4294971391
4294971391
4294971391
4294971391
4294971391
4294971391
4294971391
4294971391
4294971391
4294971391
4294971391
4294971391
4294971391
4294971391
4294971391
4294971391
4294971391
4294971391
4294971391
4294971391
4294971391
4294971391
4294971391
4294971391
4294971391
4294971391
4294971391
4294971391
4294971391
4294971391
4294971391
4294971391
4294971391
4294971391
4294971391
4294971391
4294971391
4294971391
4294971391
4294971391
4294971391
4294971391
4294971391
4294971391
4294971391
4294971391
4294971391
4294971391
4294971391
4294971391
4294971391
4294971391
4294971391
4294971391
4294971391
4294971391
4294971391
4294971391
4294971391
4294971391
4294971391
4294971391
4294971391
4294971391
4294971391
4294971391
4294971391
4294971391
4294971391
4294971391
4294971391
4294971391
4294971391
4294971391
4294971391
4294971391
4294971391
4294971391
4294971391
4294971391
4294971391
4294971391
4294971391
4294971391
4294971391
4294971391
4294971391
4294971391
4294971391
4294971391
4294971391
4294971391
4294971391
4294971391
4294971391
4294971391
4294971391
4294971391
4294971391
4294971391
4294971391
4294971391
4294971391
4294971391
4294971391
4294971391
4294971391
4294971391
4294971391
4294971391
4294971391
4294971391
4294971391
4294971391
4294971391
4294971391
4294971391
4294971391
4294971391
4294971391
4294971391
4294971391
4294971391
4294971391
4294971391
4294971391
4294971391
4294971391
4294971391
4294971391
4294971391
4294971391
4294971391
4294971391
4294971391
4294971391
4294971391
4294971391
4294971391
4294971391
4294971391
4294971391
4294971391
4294971391
4294971391
4294971391
4294971391
4294971391
4294971391
4294971391
4294971391
4294971391
4294971391
4294971391
4294971391
4294971391
4294971391
4294971391
4294971391
4294971391
4294971391
4294971391
4294971391
4294971391
4294971391
4294971391
4294971391
4294971391
4294971391
4294971391
4294971391
4294971391
4294971391
4294971391
4294971391
4294971391
4294971391
4294971391
4294971391
4294971391
4294971391
4294971391
4294971391
4294971391
4294971391
4294971391
4294971391
4294971391
4294971391
4294971391
4294971391
4294971391
4294971391
4294971391
4294971391
4294971391
4294971391
4294971391
4294971391
4294971391
4294971391
4294971391
4294971391
4294971391
4294971391
4294971391
4294971391
4294971391
4294971391
4294971391
4294971391
4294971391
4294971391
4294971391
4294971391
4294971391
4294971391
4294971391
4294971391
4294968654
101505
102788
103814
103846
4294967297
104874
104842
4294967309
43406
2180819342
49850766
2213849486
99658126
2230102414
132688270
2263132558
182495630
2346494350
148416910
2312415630
265333134
2395777422
231254414
2361698702
348170638
2512169358
381200782
2545199502
296790414
2427234702
329820558
2460264846
513845646
2677844366
479766926
2643765646
462465422
2592909710
428386702
2558830990
679520654
2843519374
712550798
2876549518
762358158
2892802446
795388302
2925832590
576760206
2740758926
542681486
2706680206
659597710
2790041998
625518990
2755963278
1010870670
3174869390
1043900814
3207899534
959490446
3089934734
992520590
3122964878
908110222
3072108942
874031502
3038030222
856729998
2987174286
822651278
2953095566
76956
4294967297
93372
4294967301
94368
4294967297
95393
4294967299
19617
70308
71334
4294967298
72418
4294967297
72386
4294967305
73410
4294967307
16719554
16457410
16195266
15933122
15670978
15408834
15146690
14884546
14622402
14360258
14098114
13835970
13573826
13311682
13049538
12787394
12525250
12263106
12000962
11738818
11476674
11214530
10952386
10690242
10428098
10165954
9903810
9641666
9379522
9117378
8855234
8593090
8330946
8068802
7806658
7544514
7282370
7020226
6758082
6495938
6233794
5971650
5709506
5447362
5185218
4923074
4660930
4398786
4136642
3874498
3612354
3350210
3088066
2825922
2563778
2301634
2039490
1777346
1515202
1253058
990914
728770
466626
206528
74944
74976
74944
4294967306
77952
4294967297
78977
4294967299
68737
4294971391
4294971391
4294971391
4294971391
4294971391
4294971391
4294971391
4294971391
4294971391
4294971391
4294971391
4294971391
4294971391
4294971391
4294971391
4294971391
4294971391
4294971391
4294971391
4294971391
4294971391
4294971391
4294971391
4294971391
4294971391
4294971391
4294971391
4294971391
4294971391
4294971391
4294971391
4294971391
4294971391
4294971391
4294971391
4294971391
4294971391
4294971391
4294971391
4294971391
4294971391
4294971391
4294971391
4294971391
4294971391
4294971391
4294971391
4294971391
4294971391
4294971391
4294971391
4294971391
4294971391
4294971391
4294971391
4294971391
4294971391
4294971391
4294971391
4294971391
4294971391
4294971391
4294971391
4294971391
4294971391
4294971391
4294971391
4294971391
4294971391
4294971391
4294971391
4294971391
4294971391
4294971391
4294971391
4294971391
4294971391
4294971391
4294971391
4294971391
4294971391
4294971391
4294971391
4294971391
4294971391
4294971391
4294971391
4294971391
4294971391
4294971391
4294971391
4294971391
4294971391
4294971391
4294971391
4294971391
4294971391
4294971391
4294971391
4294971391
4294971391
4294971391
4294971391
4294971391
4294971391
4294971391
4294971391
4294971391
4294971391
4294971391
4294971391
4294971391
4294971391
4294971391
4294971391
4294971391
4294971391
4294971391
4294971391
4294971391
4294971391
4294971391
4294971391
4294971391
4294971391
4294971391
4294971391
4294971391
4294971391
4294971391
4294971391
4294971391
4294971391
4294971391
4294971391
4294971391
4294971391
4294971391
4294971391
4294971391
4294971391
4294971391
4294971391
4294971391
4294971391
4294971391
4294971391
4294971391
4294971391
4294971391
4294971391
4294971391
4294971391
4294971391
4294971391
4294971391
4294971391
4294971391
4294971391
4294971391
4294971391
4294971391
4294971391
4294971391
4294971391
4294971391
4294971391
4294971391
4294971391
4294971391
4294971391
4294971391
4294971391
4294971391
4294971391
4294971391
4294971391
4294971391
4294971391
4294971391
4294971391
4294971391
4294971391
4294971391
4294971391
4294971391
4294971391
4294971391
4294971391
4294971391
4294971391
4294971391
4294971391
4294971391
4294971391
4294971391
4294971391
4294971391
4294971391
4294971391
4294971391
4294971391
4294971391
4294971391
4294971391
4294971391
4294971391
4294971391
4294971391
4294971391
4294971391
4294971391
4294971391
4294971391
4294971391
4294971391
4294971391
4294971391
4294971391
4294971391
4294971391
4294971391
4294971391
4294971391
4294971391
4294971391
4294971391
4294971391
4294971391
4294971391
4294971391
4294971391
4294971391
4294971391
4294971391
4294971391
4294971391
4294971391
4294971391
4294971391
4294971391
4294971391
4294971391
4294971391
4294971391
4294971391
4294971391
4294971391
4294971391
4294971391
4294971391
4294971391
4294971391
4294971391
4294971391
4294971391
4294971391
4294971391
4294971391
4294971391
4294971391
4294971391
4294971391
4294971391
4294971391
4294971391
4294971391
4294971391
4294971391
4294971391
4294971391
4294971391
4294971391
4294971391
4294971391
4294971391
4294971391
4294971391
4294971391
4294971391
4294971391
4294971391
4294971391
4294971391
4294971391
4294971391
4294971391
4294971391
4294971391
4294971391
4294971391
4294971391
4294971391
4294971391
4294971391
4294971391
4294971391
4294971391
4294971391
4294971391
4294971391
4294971391
4294971391
4294971391
4294971391
4294971391
4294971391
4294971391
4294971391
4294971391
4294971391
4294971391
4294971391
4294971391
4294971391
4294971391
4294971391
4294971391
4294971391
4294971391
4294971391
4294971391
4294971391
4294971391
4294971391
4294971391
4294971391
4294971391
4294971391
4294971391
4294971391
4294971391
4294971391
4294971391
4294971391
4294971391
4294971391
4294971391
4294971391
4294971391
4294971391
4294971391
4294971391
4294971391
4294971391
4294971391
4294971391
4294971391
4294971391
4294971391
4294971391
4294971391
4294971391
4294971391
4294971391
4294971391
4294971391
4294971391
4294971391
4294971391
4294971391
4294971391
4294971391
4294971391
4294971391
4294971391
4294971391
4294971391
4294971391
4294971391
4294971391
4294971391
4294971391
4294971391
4294971391
4294971391
4294971391
4294971391
4294971391
4294971391
4294971391
4294971391
4294971391
4294971391
4294970394
101505
102788
103814
103846
4294967297
104874
104842
4294967309
43406
2180819342
49850766
2213849486
99658126
2230102414
132688270
2263132558
182495630
2346494350
148416910
2312415630
265333134
2395777422
231254414
2361698702
348170638
2512169358
381200782
2545199502
296790414
2427234702
329820558
2460264846
513845646
2677844366
479766926
2643765646
462465422
2592909710
428386702
2558830990
679520654
2843519374
712550798
2876549518
762358158
2892802446
795388302
2925832590
576760206
2740758926
542681486
2706680206
659597710
2790041998
625518990
2755963278
1010870670
3174869390
1043900814
3207899534
959490446
3089934734
992520590
3122964878
908110222
3072108942
874031502
3038030222
856729998
2987174286
822651278
2953095566
76956
4294967297
93372
4294967301
94368
4294967297
95393
4294967299
19617
70308
71334
4294967298
72418
4294967297
72386
4294967305
73410
4294967307
16719554
16457410
16195266
15933122
15670978
15408834
15146690
14884546
14622402
14360258
14098114
13835970
13573826
13311682
13049538
12787394
12525250
12263106
12000962
11738818
11476674
11214530
10952386
10690242
10428098
10165954
9903810
9641666
9379522
9117378
8855234
8593090
8330946
8068802
7806658
7544514
7282370
7020226
6758082
6495938
6233794
5971650
5709506
5447362
5185218
4923074
4660930
4398786
4136642
3874498
3612354
3350210
3088066
2825922
2563778
2301634
2039490
1777346
1515202
1253058
990914
728770
466626
206528
74944
74976
74944
4294967306
77952
4294967297
78977
4294967299
68737
4294971391
4294971391
4294971391
4294971391
4294971391
4294971391
4294971391
4294971391
4294971391
4294971391
4294971391
4294971391
4294971391
4294971391
4294971391
4294971391
4294971391
4294971391
4294971391
4294971391
4294971391
4294971391
4294971391
4294971391
4294971391
4294971391
4294971391
4294971391
4294971391
4294971391
4294971391
4294971391
4294971391
4294971391
4294971391
4294971391
4294971391
4294971391
4294971391
4294971391
4294971391
4294971391
4294971391
4294971391
4294971391
4294971391
4294971391
4294971391
4294971391
4294971391
4294971391
4294971391
4294971391
4294971391
4294971391
4294971391
4294971391
4294971391
4294971391
4294971391
4294971391
4294971391
4294971391
4294971391
4294971391
4294971391
4294971391
4294971391
4294971391
4294971391
4294971391
4294971391
4294971391
4294971391
4294971391
4294971391
4294971391
4294971391
4294971391
4294971391
4294971391
4294971391
4294971391
4294971391
4294971391
4294971391
4294971391
4294971391
4294971391
4294971391
4294971391
4294971391
4294971391
4294971391
4294971391
4294971391
4294971391
4294971391
4294971391
4294971391
4294971391
4294971391
4294971391
4294971391
4294971391
4294971391
4294971391
4294971391
4294971391
4294971391
4294971391
4294971391
4294971391
4294971391
4294971391
4294971391
4294971391
4294971391
4294971391
4294971391
4294971391
4294971391
4294971391
4294971391
4294971391
4294971391
4294971391
4294971391
4294971391
4294971391
4294971391
4294971391
4294971391
4294971391
4294971391
4294971391
4294971391
4294971391
4294971391
4294971391
4294971391
4294971391
4294971391
4294971391
4294971391
4294971391
4294971391
4294971391
4294971391
4294971391
4294971391
4294971391
4294971391
4294971391
4294971391
4294971391
4294971391
4294971391
4294971391
4294971391
4294971391
4294971391
4294971391
4294971391
4294971391
4294971391
4294971391
4294971391
4294971391
4294971391
4294971391
4294971391
4294971391
4294971391
4294971391
4294971391
4294971391
4294971391
4294971391
4294971391
4294971391
4294971391
4294971391
4294971391
4294971391
4294971391
4294971391
4294971391
4294971391
4294971391
4294971391
4294971391
4294971391
4294971391
4294971391
4294971391
4294971391
4294971391
4294971391
4294971391
4294971391
4294971391
4294971391
4294971391
4294971391
4294971391
4294971391
4294971391
4294971391
4294971391
4294971391
4294971391
4294971391
4294971391
4294971391
4294971391
4294971391
4294971391
4294971391
4294971391
4294971391
4294971391
4294971391
4294971391
4294971391
4294971391
4294971391
4294971391
4294971391
4294971391
4294971391
4294971391
4294971391
4294971391
4294971391
4294971391
4294971391
4294971391
4294971391
4294971391
4294971391
4294971391
4294971391
4294971391
4294971391
4294971391
4294971391
4294971391
4294971391
4294971391
4294971391
4294971391
4294971391
4294971391
4294971391
4294971391
4294971391
4294971391
4294971391
4294971391
4294971391
4294971391
4294971391
4294971391
4294971391
4294971391
4294971391
4294971391
4294971391
4294971391
4294971391
4294971391
4294971391
4294971391
4294971391
4294971391
4294971391
4294971391
4294971391
4294971391
4294971391
4294971391
4294971391
4294971391
4294971391
4294971391
4294971391
4294971391
4294971391
4294971391
4294971391
4294971391
4294971391
4294971391
4294971391
4294971391
4294971391
4294971391
4294971391
4294971391
4294971391
4294971391
4294971391
4294971391
4294971391
4294971391
4294971391
4294971391
4294971391
4294971391
4294971391
4294971391
4294971391
4294971391
4294971391
4294971391
4294971391
4294971391
4294971391
4294971391
4294971391
4294971391
4294971391
4294971391
4294971391
4294971391
4294971391
4294971391
4294971391
4294971391
4294971391
4294971391
4294971391
4294971391
4294971391
4294971391
4294971391
4294971391
4294971391
4294971391
4294971391
4294971391
4294971391
4294971391
4294971391
4294971391
4294971391
4294971391
4294971391
4294971391
4294971391
4294971391
4294971391
4294971391
4294971391
4294971391
4294971391
4294971391
4294971391
4294971391
4294971391
4294971391
4294971391
4294971391
4294971391
4294971391
4294971391
4294971391
4294971391
4294971391
4294971391
4294971391
4294971391
4294971391
4294971391
4294971391
4294971391
4294971391
4294971391
4294971391
4294971391
4294971391
4294971391
4294971391
4294971391
4294971391
4294971391
4294971391
4294971391
4294971052
101505
102788
103814
103846
4294967297
104874
104842
4294967309
43406
2180819342
49850766
2213849486
99658126
2230102414
132688270
2263132558
182495630
2346494350
148416910
2312415630
265333134
2395777422
231254414
2361698702
348170638
2512169358
381200782
2545199502
296790414
2427234702
329820558
2460264846
513845646
2677844366
479766926
2643765646
462465422
2592909710
428386702
2558830990
679520654
2843519374
712550798
2876549518
762358158
2892802446
795388302
2925832590
576760206
2740758926
542681486
2706680206
659597710
2790041998
625518990
2755963278
1010870670
3174869390
1043900814
3207899534
959490446
3089934734
992520590
3122964878
908110222
3072108942
874031502
3038030222
856729998
2987174286
822651278
2953095566
76956
4294967297
93372
4294967301
94368
4294967297
95393
4294967299
19617
70308
71334
4294967298
72418
4294967297
72386
4294967305
73410
4294967307
16719554
16457410
16195266
15933122
15670978
15408834
15146690
14884546
14622402
14360258
14098114
13835970
13573826
13311682
13049538
12787394
12525250
12263106
12000962
11738818
11476674
11214530
10952386
10690242
10428098
10165954
9903810
9641666
9379522
9117378
8855234
8593090
8330946
8068802
7806658
7544514
7282370
7020226
6758082
6495938
6233794
5971650
5709506
5447362
5185218
4923074
4660930
4398786
4136642
3874498
3612354
3350210
3088066
2825922
2563778
2301634
2039490
1777346
1515202
1253058
990914
728770
466626
206528
74944
74976
74944
4294967306
77952
4294967297
78977
4294967299
68737
4294971391
4294971391
4294971391
4294971391
4294971391
4294971391
4294971391
4294971391
4294971391
4294971391
4294971391
4294971391
4294971391
4294971391
4294971391
4294971391
4294971391
4294971391
4294971391
4294971391
4294971391
4294971391
4294971391
4294971391
4294971391
4294971391
4294971391
4294971391
4294971391
4294971391
4294971391
4294971391
4294971391
4294971391
4294971391
4294971391
4294971391
4294971391
4294971391
4294971391
4294971391
4294971391
4294971391
4294971391
4294971391
4294971391
4294971391
4294971391
4294971391
4294971391
4294971391
4294971391
4294971391
4294971391
4294971391
4294971391
4294971391
4294971391
4294971391
4294971391
4294971391
4294971391
4294971391
4294971391
4294971391
4294971391
4294971391
4294971391
4294971391
4294971391
4294971391
4294971391
4294971391
4294971391
4294971391
4294971391
4294971391
4294971391
4294971391
4294971391
4294971391
4294971391
4294971391
4294971391
4294971391
4294971391
4294971391
4294971391
4294971391
4294971391
4294971391
4294971391
4294971391
4294971391
4294971391
4294971391
4294971391
4294971391
4294971391
4294971391
4294971391
4294971391
4294971391
4294971391
4294971391
4294971391
4294971391
4294971391
4294971391
4294971391
4294971391
4294971391
4294971391
4294971391
4294971391
4294971391
4294971391
4294971391
4294971391
4294971391
4294971391
4294971391
4294971391
4294971391
4294971391
4294971391
4294971391
4294971391
4294971391
4294971391
4294971391
4294971391
4294971391
4294971391
4294971391
4294971391
4294971391
4294971391
4294971391
4294971391
4294971391
4294971391
4294971391
4294971391
4294971391
4294971391
4294971391
4294971391
4294971391
4294971391
4294971391
4294971391
4294971391
4294971391
4294971391
4294971391
4294971391
4294971391
4294971391
4294971391
4294971391
4294971391
4294971391
4294971391
4294971391
4294971391
4294971391
4294971391
4294971391
4294971391
4294971391
4294971391
4294971391
4294971391
4294971391
4294971391
4294971391
4294971391
4294971391
4294971391
4294971391
4294971391
4294971391
4294971391
4294971391
4294971391
4294971391
4294971391
4294971391
4294971391
4294971391
4294971391
4294971391
4294971391
4294971391
4294971391
4294971391
4294971391
4294971391
4294971391
4294971391
4294971391
4294971391
4294971391
4294971391
4294971391
4294971391
4294971391
4294971391
4294971391
4294971391
4294971391
4294971391
4294971391
4294971391
4294971391
4294971391
4294971391
4294971391
4294971391
4294971391
4294971391
4294971391
4294971391
4294971391
4294971391
4294971391
4294971391
4294971391
4294971391
4294971391
4294971391
4294971391
4294971391
4294971391
4294971391
4294971391
4294971391
4294971391
4294971391
4294971391
4294971391
4294971391
4294971391
4294971391
4294971391
4294971391
4294971391
4294971391
4294971391
4294971391
4294971391
4294971391
4294971391
4294971391
4294971391
4294971391
4294971391
4294971391
4294971391
4294971391
4294971391
4294971391
4294971391
4294971391
4294971391
4294971391
4294971391
4294971391
4294971391
4294971391
4294971391
4294971391
4294971391
4294971391
4294971391
4294971391
4294971391
4294971391
4294971391
4294971391
4294971391
4294971391
4294971391
4294971391
4294971391
4294971391
4294971391
4294971391
4294971391
4294971391
4294971391
4294971391
4294971391
4294971391
4294971391
4294971391
4294971391
4294971391
4294971391
4294971391
4294971391
4294971391
4294971391
4294971391
4294971391
4294971391
4294971391
4294971391
4294971391
4294971391
4294971391
4294971391
4294971391
4294971391
4294971391
4294971391
4294971391
4294971391
4294971391
4294971391
4294971391
4294971391
4294971391
4294971391
4294971391
4294971391
4294971391
4294971391
4294971391
4294971391
4294971391
4294971391
4294971391
4294971391
4294971391
4294971391
4294971391
4294971391
4294971391
4294971391
4294971391
4294971391
4294971391
4294971391
4294971391
4294971391
4294971391
4294971391
4294971391
4294971391
4294971391
4294971391
4294971391
4294971391
4294971391
4294971391
4294971391
4294971391
4294971391
4294971391
4294971391
4294971391
4294971391
4294971391
4294971391
4294971391
4294971391
4294971391
4294971391
4294971391
4294971391
4294971391
4294971391
4294971391
4294971391
4294967374
101505
102788
103814
103846
4294967297
104874
104842
4294967309
43406
2180819342
49850766
2213849486
99658126
2230102414
132688270
2263132558
182495630
2346494350
148416910
2312415630
265333134
2395777422
231254414
2361698702
348170638
2512169358
381200782
2545199502
296790414
2427234702
329820558
2460264846
513845646
2677844366
479766926
2643765646
462465422
2592909710
428386702
2558830990
679520654
2843519374
712550798
2876549518
762358158
2892802446
795388302
2925832590
576760206
2740758926
542681486
2706680206
659597710
2790041998
625518990
2755963278
1010870670
3174869390
1043900814
3207899534
959490446
3089934734
992520590
3122964878
908110222
3072108942
874031502
3038030222
856729998
2987174286
822651278
2953095566
76956
4294967297
93372
4294967301
94368
4294967297
95393
4294967299
19617
70308
71334
4294967298
72418
4294967297
72386
4294967305
73410
4294967307
16719554
16457410
16195266
15933122
15670978
15408834
15146690
14884546
14622402
14360258
14098114
13835970
13573826
13311682
13049538
12787394
12525250
12263106
12000962
11738818
11476674
11214530
10952386
10690242
10428098
10165954
9903810
9641666
9379522
9117378
8855234
8593090
8330946
8068802
7806658
7544514
7282370
7020226
6758082
6495938
6233794
5971650
5709506
5447362
5185218
4923074
4660930
4398786
4136642
3874498
3612354
3350210
3088066
2825922
2563778
2301634
2039490
1777346
1515202
1253058
990914
728770
466626
206528
74944
74976
74944
4294967306
77952
4294967297
78977
4294967299
68737
4294971391
4294971391
4294971391
4294971391
4294971391
4294971391
4294971391
4294971391
4294971391
4294971391
4294971391
4294971391
4294971391
4294971391
4294971391
4294971391
4294971391
4294971391
4294971391
4294971391
4294971391
4294971391
4294971391
4294971391
4294971391
4294971391
4294971391
4294971391
4294971391
4294971391
4294971391
4294971391
4294971391
4294971391
4294971391
4294971391
4294971391
4294971391
4294971391
4294971391
4294971391
4294971391
4294971391
4294971391
4294971391
4294971391
4294971391
4294971391
4294971391
4294971391
4294971391
4294971391
4294971391
4294971391
4294971391
4294971391
4294971391
4294971391
4294971391
4294971391
4294971391
4294971391
4294971391
4294971391
4294971391
4294971391
4294971391
4294971391
4294971391
4294971391
4294971391
4294971391
4294971391
4294971391
4294971391
4294971391
4294971391
4294971391
4294971391
4294971391
4294971391
4294971391
4294971391
4294971391
4294971391
4294971391
4294971391
4294971391
4294971391
4294971391
4294971391
4294971391
4294971391
4294971391
4294971391
4294971391
4294971391
4294971391
4294971391
4294971391
4294971391
4294971391
4294971391
4294971391
4294971391
4294971391
4294971391
4294971391
4294971391
4294971391
4294971391
4294971391
4294971391
4294971391
4294971391
4294971391
4294971391
4294971391
4294971391
4294971391
4294971391
4294971391
4294971391
4294971391
4294971391
4294971391
4294971391
4294971391
4294971391
4294971391
4294971391
4294971391
4294971391
4294971391
4294971391
4294971391
4294971391
4294971391
4294971391
4294971391
4294971391
4294971391
4294971391
4294971391
4294971391
4294971391
4294971391
4294971391
4294971391
4294971391
4294971391
4294971391
4294971391
4294971391
4294971391
4294971391
4294971391
4294971391
4294971391
4294971391
4294971391
4294971391
4294971391
4294971391
4294971391
4294971391
4294971391
4294971391
4294971391
4294971391
4294971391
4294971391
4294971391
4294971391
4294971391
4294971391
4294971391
4294971391
4294971391
4294971391
4294971391
4294971391
4294971391
4294971391
4294971391
4294971391
4294971391
4294971391
4294971391
4294971391
4294971391
4294971391
4294971391
4294971391
4294971391
4294971391
4294971391
4294971391
4294971391
4294971391
4294971391
4294971391
4294971391
4294971391
4294971391
4294971391
4294971391
4294971391
4294971391
4294971391
4294971391
4294971391
4294971391
4294971391
4294971391
4294971391
4294971391
4294971391
4294971391
4294971391
4294971391
4294971391
4294971391
4294971391
4294971391
4294971391
4294971391
4294971391
4294971391
4294971391
4294971391
4294971391
4294971391
4294971391
4294971391
4294971391
4294971391
4294971391
4294971391
4294971391
4294971391
4294971391
4294971391
4294971391
4294971391
4294971391
4294971391
4294971391
4294971391
4294971391
4294971391
4294971391
4294971391
4294971391
4294971391
4294971391
4294971391
4294971391
4294971391
4294971391
4294971391
4294971391
4294971391
4294971391
4294971391
4294971391
4294971391
4294971391
4294971391
4294971391
4294971391
4294971391
4294971391
4294971391
4294971391
4294971391
4294971391
4294971391
4294971391
4294971391
4294971391
4294971391
4294971391
4294971391
4294971391
4294971391
4294971391
4294971391
4294971391
4294971391
4294971391
4294971391
4294971391
4294971391
4294971391
4294971391
4294971391
4294971391
4294971391
4294971391
4294971391
4294971391
4294971391
4294971391
4294971391
4294971391
4294971391
4294971391
4294971391
4294971391
4294971391
4294971391
4294971391
4294971391
4294971391
4294971391
4294971391
4294971391
4294971391
4294971391
4294971391
4294971391
4294971391
4294971391
4294971391
4294971391
4294971391
4294971391
4294971391
4294971391
4294971391
4294971391
4294971391
4294971391
4294971391
4294971391
4294971391
4294971391
4294971391
4294971391
4294971391
4294971391
4294971391
4294971391
4294971391
4294971391
4294971391
4294971391
4294971391
4294971391
4294971391
4294971391
4294971391
4294971391
4294971391
4294971391
4294971391
4294971391
4294971391
4294971391
4294971391
4294971391
4294971391
4294971391
4294971391
4294971391
4294971391
4294971391
4294967342
101505
102788
103814
103846
4294967297
104874
104842
4294967309
43406
2180819342
49850766
2213849486
99658126
2230102414
132688270
2263132558
182495630
2346494350
148416910
2312415630
265333134
2395777422
231254414
2361698702
